334
332
331
332
331
332
330
333
329
332
330
332
334
332
335
332
335
333
335
333
333
332
331
330
327
331
327
329
329
331
334
336
342
345
352
354
360
361
363
365
364
365
361
361
356
355
351
350
348
344
345
341
343
339
340
337
337
336
336
339
337
340
337
340
337
336
337
334
335
333
336
333
335
333
333
331
329
332
330
332
330
332
331
331
332
332
333
332
335
332
335
333
333
333
332
335
332
334
334
337
338
341
345
348
354
356
361
360
363
361
360
358
354
353
349
349
344
344
340
339
337
334
335
333
335
333
336
335
336
338
337
339
337
338
336
337
335
335
335
334
335
332
334
331
333
331
332
332
330
333
331
334
331
333
332
332
333
331
333
330
333
331
333
331
333
336
337
342
345
352
354
360
362
364
367
365
365
361
361
355
355
352
351
347
344
344
338
340
336
336
334
335
336
335
338
335
338
335
338
338
338
337
335
336
333
336
333
335
334
332
333
330
332
329
332
330
332
331
331
332
331
333
329
333
330
333
332
331
333
331
333
330
332
330
331
331
331
334
333
338
340
346
350
356
361
365
369
369
371
368
369
365
364
360
357
354
350
351
346
346
340
340
337
335
335
332
336
334
338
336
338
338
336
338
335
338
334
335
333
333
332
331
332
330
332
328
330
327
330
329
328
332
330
333
331
332
331
331
331
329
331
330
332
330
332
331
333
333
333
334
330
332
330
331
331
333
334
334
337
338
345
346
354
358
362
367
366
369
366
366
362
362
357
356
354
350
349
344
345
340
340
336
336
335
334
336
335
338
336
338
337
338
338
337
338
335
337
333
334
331
332
330
328
330
328
332
329
332
330
331
330
329
331
329
332
330
333
331
331
331
328
330
328
331
327
330
328
328
329
329
330
329
331
329
331
330
333
336
337
343
345
351
353
360
360
364
364
363
363
357
356
350
349
346
346
345
341
343
340
339
335
336
334
335
335
333
335
333
336
334
336
335
336
336
335
336
333
335
331
331
330
328
328
327
328
327
330
328
329
328
329
331
331
332
330
332
329
332
330
331
331
329
331
328
331
328
330
330
330
331
327
330
328
329
328
329
330
332
335
334
340
341
346
347
352
354
358
358
358
358
355
356
351
353
350
348
346
343
344
338
340
336
337
335
336
336
334
336
335
337
335
337
337
337
337
335
336
332
334
330
331
330
330
332
332
334
331
333
331
330
329
328
331
328
331
327
330
327
330
330
330
332
330
332
331
333
330
332
330
331
331
329
330
328
331
330
333
335
338
343
346
351
352
357
356
358
356
357
356
352
352
347
347
342
343
341
338
337
335
337
335
337
335
335
336
335
337
334
337
335
338
337
339
337
336
337
334
335
332
333
330
332
330
330
331
328
332
329
331
328
329
330
329
332
330
332
330
332
330
331
331
331
333
330
334
331
334
332
333
332
331
332
330
334
332
336
335
340
344
346
351
351
357
355
358
357
359
357
355
355
352
352
347
347
343
344
342
341
340
337
338
334
335
335
335
335
336
338
335
338
336
338
335
337
337
334
335
332
335
331
333
331
332
331
331
332
330
333
330
333
332
333
331
331
334
331
335
333
335
334
334
334
332
332
330
332
329
331
329
330
330
328
331
330
333
329
332
332
335
338
341
348
347
353
354
358
357
358
357
355
356
352
352
348
348
345
343
342
339
339
334
337
334
336
333
334
334
334
336
334
337
335
338
336
336
336
333
335
333
335
332
334
333
332
332
330
333
329
331
328
331
330
330
331
331
333
330
334
330
333
332
332
333
331
332
329
332
331
333
333
331
333
330
332
330
333
332
334
334
338
340
343
348
348
354
353
357
356
356
355
352
353
349
349
345
345
342
340
339
335
336
333
334
332
334
334
333
335
335
337
334
336
334
335
334
336
336
335
337
334
334
331
333
331
331
331
328
331
328
332
330
332
331
332
333
331
333
329
331
330
332
333
333
335
333
334
331
334
331
333
331
330
332
331
334
334
339
339
345
349
351
354
356
358
356
358
355
354
351
349
347
344
345
341
341
337
337
335
334
334
332
335
333
337
334
336
336
336
338
335
338
334
336
333
334
333
333
333
330
333
330
335
332
333
332
331
332
330
333
330
332
331
332
332
332
333
332
335
330
333
331
333
333
332
333
332
334
331
333
332
332
332
331
333
332
336
333
339
340
344
348
349
353
353
357
355
358
356
356
357
353
355
351
353
349
350
346
346
345
343
343
339
342
338
340
339
338
338
336
338
336
340
337
339
337
338
337
336
337
334
336
332
335
332
334
332
331
334
331
334
332
333
331
331
331
332
333
331
333
331
334
332
333
334
332
334
331
334
331
334
332
332
331
333
334
331
335
331
333
333
334
335
336
342
342
350
352
356
356
358
358
357
357
354
355
352
353
352
350
347
344
344
339
340
335
337
336
336
337
336
338
336
339
336
337
336
336
337
336
337
334
337
334
337
335
334
335
334
335
333
337
334
335
333
334
333
331
334
331
334
331
333
332
333
335
332
335
332
336
333
335
334
334
333
333
333
330
333
330
332
331
333
334
333
336
335
340
341
346
348
352
355
357
360
359
361
357
356
352
351
351
345
347
342
345
340
342
342
339
339
337
340
337
340
339
340
340
340
340
338
340
337
338
336
338
336
334
335
333
335
332
334
332
333
331
332
333
332
334
331
335
332
333
332
332
333
332
334
331
333
330
332
330
331
333
331
334
332
335
332
333
333
332
334
334
337
335
340
342
347
350
354
357
360
364
363
365
361
360
358
355
353
350
348
344
345
340
342
339
337
336
336
339
335
338
336
339
339
337
338
336
338
335
337
335
336
334
333
333
330
332
329
330
328
330
331
330
332
330
332
329
332
330
332
331
331
334
331
333
330
332
330
331
330
328
330
328
330
328
330
329
328
329
329
331
330
334
334
338
340
344
348
350
356
355
360
359
361
359
360
357
354
353
349
349
345
344
339
338
336
334
335
332
336
333
336
335
337
340
338
340
338
340
336
338
336
335
334
332
334
332
334
331
332
331
330
332
329
333
330
333
331
333
332
332
332
331
334
333
336
334
334
332
333
333
332
335
334
339
342
350
357
368
379
390
400
404
411
412
417
415
416
419
418
420
421
425
429
434
436
439
439
439
439
439
437
436
435
433
434
434
436
436
437
438
437
437
437
440
441
442
442
440
438
435
430
426
424
423
425
420
411
393
373
360
353
350
349
343
337
336
339
345
354
364
373
381
388
393
399
406
415
429
444
460
482
505
527
544
559
568
575
576
574
567
557
546
535
523
511
500
489
480
470
462
453
447
441
437
434
434
435
436
439
439
440
440
445
453
459
463
465
465
462
456
449
439
431
422
417
415
417
424
444
468
495
